216.0000
216.0000
216.0000
216.0000
216.0000
216.0000
215.7375
216.0000
216.0000
216.0000
216.0000
216.0000
215.5878
215.0572
215.5309
215.3754
215.7375
215.5720
215.7375
215.2601
215.7375
215.6627
215.6746
215.7375
215.3712
215.7375
215.7375
216.0000
216.0000
216.0000
215.7375
215.7375
216.0000
216.0000
215.7375
215.7375
215.7080
214.9857
214.7257
214.5499
214.6887
215.3503
216.0000
216.0000
216.0000
215.7375
215.7375
214.9468
215.3712
215.0348
215.3399
215.0930
214.8002
215.0816
214.7688
214.7829
215.1148
215.1203
215.2140
215.2105
215.1590
215.1823
216.0000
216.0000
216.0000
216.0000
215.7375
214.8821
214.9622
214.8861
214.2583
213.5259
214.9052
214.5159
214.6170
214.1845
214.7345
216.0000
216.0000
215.7375
215.7375
214.9892
214.4790
214.6198
215.7375
215.7375
215.3712
215.3712
215.3712
215.3712
215.3694
215.3246
215.2874
215.3176
215.3176
215.2995
215.3176
215.6336
215.3141
215.3263
215.3419
215.6336
215.6336
215.6336
215.3712
215.5707
215.9794
215.7315
216.0000
215.9879
216.0000
216.0000
215.3872
215.9673
215.9336
216.0000
214.1860
215.6378
215.7445
216.0000
215.2943
216.0000
215.8362
214.1949
214.8181
215.9368
216.0000
216.0000
216.0000
216.0000
216.0000
216.0000
216.0000
216.0000
216.0000
215.9931
216.0000
215.2982
216.0000
216.0000
